#Layer_Color=9474304
#
#Feature symbol names
#
$0 r5

#
#Feature attribute names
#

#
#Layer features
#
L 0.0345817 0.0337332 0.0425817 0.0337332 0 P 0
L 0.0345817 0.1109596 0.0425817 0.1109596 0 P 0
L 0.0345817 0.1690012 0.0425817 0.1690012 0 P 0
L 0.0345817 0.2410908 0.0425817 0.2410908 0 P 0
L 0.0385817 0.0297332 0.0385817 0.0377332 0 P 0
L 0.0385817 0.1069596 0.0385817 0.1149596 0 P 0
L 0.0385817 0.1650012 0.0385817 0.1730012 0 P 0
L 0.0385817 0.2370908 0.0385817 0.2450908 0 P 0
L 0.0574449 0.2770472 0.0744449 0.2770472 0 P 0
L 0.0659449 0.2685472 0.0659449 0.2855472 0 P 0
L 0.0865665 0.0337332 0.0945665 0.0337332 0 P 0
L 0.0865665 0.1109596 0.0945665 0.1109596 0 P 0
L 0.0865665 0.1690012 0.0945665 0.1690012 0 P 0
L 0.0865665 0.2410908 0.0945665 0.2410908 0 P 0
L 0.0905665 0.0297332 0.0905665 0.0377332 0 P 0
L 0.0905665 0.1069596 0.0905665 0.1149596 0 P 0
L 0.0905665 0.1650012 0.0905665 0.1730012 0 P 0
L 0.0905665 0.2370908 0.0905665 0.2450908 0 P 0
L 0.116 0.3672292 0.124 0.3672292 0 P 0
L 0.12 0.3632292 0.12 0.3712292 0 P 0
L 0.1636553 0.2909428 0.1716553 0.2909428 0 P 0
L 0.1676553 0.2869428 0.1676553 0.2949428 0 P 0
L 0.2066849 0.4233156 0.2146849 0.4233156 0 P 0
L 0.2106849 0.4193156 0.2106849 0.4273156 0 P 0
L 0.2317841 0.2903932 0.2397841 0.2903932 0 P 0
L 0.2357841 0.2863932 0.2357841 0.2943932 0 P 0
L 0.260785 0.1690012 0.268785 0.1690012 0 P 0
L 0.260785 0.2410908 0.268785 0.2410908 0 P 0
L 0.264785 0.1650012 0.264785 0.1730012 0 P 0
L 0.264785 0.2370908 0.264785 0.2450908 0 P 0
L 0.2674737 0.3742692 0.2754737 0.3742692 0 P 0
L 0.2714737 0.3702692 0.2714737 0.3782692 0 P 0
L 0.2888207 0.2799055 0.2968207 0.2799055 0 P 0
L 0.2928207 0.2759055 0.2928207 0.2839055 0 P 0
L 0.3158558 0.37395 0.3276668 0.37395 0 P 0
L 0.3217613 0.3680445 0.3217613 0.3798555 0 P 0
L 0.3304665 0.281874 0.3384665 0.281874 0 P 0
L 0.3344665 0.277874 0.3344665 0.285874 0 P 0
L 0.3404405 0.4560896 0.3484405 0.4560896 0 P 0
L 0.3436946 0.3461112 0.3555056 0.3461112 0 P 0
L 0.3436946 0.4017888 0.3555056 0.4017888 0 P 0
L 0.3444405 0.4520896 0.3444405 0.4600896 0 P 0
L 0.3496001 0.3402057 0.3496001 0.3520167 0 P 0
L 0.3496001 0.3958833 0.3496001 0.4076943 0 P 0
L 0.3585273 0.2830332 0.3665273 0.2830332 0 P 0
L 0.3625273 0.2790332 0.3625273 0.2870332 0 P 0
L 0.3715334 0.37395 0.3833444 0.37395 0 P 0
L 0.3774389 0.3680445 0.3774389 0.3798555 0 P 0
L 0.3868585 0.1690012 0.3948585 0.1690012 0 P 0
L 0.3868585 0.2410908 0.3948585 0.2410908 0 P 0
L 0.3908585 0.1650012 0.3908585 0.1730012 0 P 0
L 0.3908585 0.2370908 0.3908585 0.2450908 0 P 0
L 0.4036729 0.2895676 0.4116729 0.2895676 0 P 0
L 0.4076729 0.2855676 0.4076729 0.2935676 0 P 0
L 0.417765 0.45052 0.425765 0.45052 0 P 0
L 0.4184685 0.205 0.4354685 0.205 0 P 0
L 0.421765 0.44652 0.421765 0.45452 0 P 0
L 0.426 0.034 0.434 0.034 0 P 0
L 0.426 0.112 0.434 0.112 0 P 0
L 0.4269685 0.1965 0.4269685 0.2135 0 P 0
L 0.43 0.03 0.43 0.038 0 P 0
L 0.43 0.108 0.43 0.116 0 P 0
L 0.4316217 0.365382 0.4396217 0.365382 0 P 0
L 0.4356217 0.361382 0.4356217 0.369382 0 P 0
L 0.4428969 0.3370628 0.4508969 0.3370628 0 P 0
L 0.4468969 0.3330628 0.4468969 0.3410628 0 P 0
L 0.486 0.034 0.494 0.034 0 P 0
L 0.49 0.03 0.49 0.038 0 P 0
L 0.509785 0.3450684 0.517785 0.3450684 0 P 0
L 0.513785 0.3410684 0.513785 0.3490684 0 P 0
L 0.527785 0.4910684 0.535785 0.4910684 0 P 0
L 0.531785 0.4870684 0.531785 0.4950684 0 P 0
L 0.544785 0.1540684 0.552785 0.1540684 0 P 0
L 0.548785 0.1500684 0.548785 0.1580684 0 P 0
L 0.5591358 0.3415033 0.5671358 0.3415033 0 P 0
L 0.5607913 0.2527004 0.5687913 0.2527004 0 P 0
L 0.5631358 0.3375033 0.5631358 0.3455033 0 P 0
L 0.5647913 0.2487004 0.5647913 0.2567004 0 P 0
L 0.5829805 0.1555056 0.5909805 0.1555056 0 P 0
L 0.5869805 0.1515056 0.5869805 0.1595056 0 P 0
L 0.5889169 0.2527004 0.5969169 0.2527004 0 P 0
L 0.5929169 0.2487004 0.5929169 0.2567004 0 P 0
L 0.5993601 0.3056652 0.6073601 0.3056652 0 P 0
L 0.6019837 0.3949151 0.6099837 0.3949151 0 P 0
L 0.6025024 0.4236305 0.6105024 0.4236305 0 P 0
L 0.6033601 0.3016652 0.6033601 0.3096652 0 P 0
L 0.6059837 0.3909151 0.6059837 0.3989151 0 P 0
L 0.6065024 0.4196305 0.6065024 0.4276305 0 P 0
L 0.647785 0.1638184 0.655785 0.1638184 0 P 0
L 0.647785 0.2120684 0.655785 0.2120684 0 P 0
L 0.647785 0.2603184 0.655785 0.2603184 0 P 0
L 0.651785 0.1598184 0.651785 0.1678184 0 P 0
L 0.651785 0.2080684 0.651785 0.2160684 0 P 0
L 0.651785 0.2563184 0.651785 0.2643184 0 P 0
L 0.6697846 0.1285684 0.7047846 0.1285684 0 P 0
L 0.6697846 0.2955684 0.7047846 0.2955684 0 P 0
L 0.6865712 0.3429013 0.6945712 0.3429013 0 P 0
L 0.6872846 0.1110684 0.6872846 0.1460684 0 P 0
L 0.6872846 0.2780684 0.6872846 0.3130684 0 P 0
L 0.6905712 0.3389013 0.6905712 0.3469013 0 P 0
L 0.7245567 0.1392338 0.7325567 0.1392338 0 P 0
L 0.7245567 0.2848184 0.7325567 0.2848184 0 P 0
L 0.7285567 0.1352338 0.7285567 0.1432338 0 P 0
L 0.7285567 0.2808184 0.7285567 0.2888184 0 P 0
