#Layer_Color=9474304
#
#Feature symbol names
#
$0 r5
$1 r6.6666

#
#Feature attribute names
#

#
#Layer features
#
A 0.0585817 0.0337332 0.0585817 0.0337332 0.0385817 0.0337332 1 P 0 N
A 0.0585817 0.1109596 0.0585817 0.1109596 0.0385817 0.1109596 1 P 0 N
A 0.0585817 0.1690012 0.0585817 0.1690012 0.0385817 0.1690012 1 P 0 N
A 0.0585817 0.2410908 0.0585817 0.2410908 0.0385817 0.2410908 1 P 0 N
A 0.1105665 0.0337332 0.1105665 0.0337332 0.0905665 0.0337332 1 P 0 N
A 0.1105665 0.1109596 0.1105665 0.1109596 0.0905665 0.1109596 1 P 0 N
A 0.1105665 0.1690012 0.1105665 0.1690012 0.0905665 0.1690012 1 P 0 N
A 0.1105665 0.2410908 0.1105665 0.2410908 0.0905665 0.2410908 1 P 0 N
A 0.14 0.3672292 0.14 0.3672292 0.12 0.3672292 1 P 0 N
A 0.1876553 0.2909428 0.1876553 0.2909428 0.1676553 0.2909428 1 P 0 N
A 0.2306849 0.4233156 0.2306849 0.4233156 0.2106849 0.4233156 1 P 0 N
A 0.2557841 0.2903932 0.2557841 0.2903932 0.2357841 0.2903932 1 P 0 N
A 0.284785 0.1690012 0.284785 0.1690012 0.264785 0.1690012 1 P 0 N
A 0.284785 0.2410908 0.284785 0.2410908 0.264785 0.2410908 1 P 0 N
A 0.2914737 0.3742692 0.2914737 0.3742692 0.2714737 0.3742692 1 P 0 N
A 0.3128207 0.2799055 0.3128207 0.2799055 0.2928207 0.2799055 1 P 0 N
A 0.3544665 0.281874 0.3544665 0.281874 0.3344665 0.281874 1 P 0 N
A 0.3644405 0.4560896 0.3644405 0.4560896 0.3444405 0.4560896 1 P 0 N
A 0.3825273 0.2830332 0.3825273 0.2830332 0.3625273 0.2830332 1 P 0 N
A 0.4108585 0.1690012 0.4108585 0.1690012 0.3908585 0.1690012 1 P 0 N
A 0.4108585 0.2410908 0.4108585 0.2410908 0.3908585 0.2410908 1 P 0 N
A 0.4276729 0.2895676 0.4276729 0.2895676 0.4076729 0.2895676 1 P 0 N
A 0.441765 0.45052 0.441765 0.45052 0.421765 0.45052 1 P 0 N
A 0.45 0.034 0.45 0.034 0.43 0.034 1 P 0 N
A 0.45 0.112 0.45 0.112 0.43 0.112 1 P 0 N
A 0.4556217 0.365382 0.4556217 0.365382 0.4356217 0.365382 1 P 0 N
A 0.4668969 0.3370628 0.4668969 0.3370628 0.4468969 0.3370628 1 P 0 N
A 0.51 0.034 0.51 0.034 0.49 0.034 1 P 0 N
A 0.533785 0.3450684 0.533785 0.3450684 0.513785 0.3450684 1 P 0 N
A 0.551785 0.4910684 0.551785 0.4910684 0.531785 0.4910684 1 P 0 N
A 0.568785 0.1540684 0.568785 0.1540684 0.548785 0.1540684 1 P 0 N
A 0.5831358 0.3415033 0.5831358 0.3415033 0.5631358 0.3415033 1 P 0 N
A 0.5847913 0.2527004 0.5847913 0.2527004 0.5647913 0.2527004 1 P 0 N
A 0.6069805 0.1555056 0.6069805 0.1555056 0.5869805 0.1555056 1 P 0 N
A 0.6129169 0.2527004 0.6129169 0.2527004 0.5929169 0.2527004 1 P 0 N
A 0.6233601 0.3056652 0.6233601 0.3056652 0.6033601 0.3056652 1 P 0 N
A 0.6259837 0.3949151 0.6259837 0.3949151 0.6059837 0.3949151 1 P 0 N
A 0.6265024 0.4236305 0.6265024 0.4236305 0.6065024 0.4236305 1 P 0 N
A 0.671785 0.1638184 0.671785 0.1638184 0.651785 0.1638184 1 P 0 N
A 0.671785 0.2120684 0.671785 0.2120684 0.651785 0.2120684 1 P 0 N
A 0.671785 0.2603184 0.671785 0.2603184 0.651785 0.2603184 1 P 0 N
A 0.7105712 0.3429013 0.7105712 0.3429013 0.6905712 0.3429013 1 P 0 N
A 0.7485567 0.1392338 0.7485567 0.1392338 0.7285567 0.1392338 1 P 0 N
A 0.7485567 0.2848184 0.7485567 0.2848184 0.7285567 0.2848184 1 P 0 N
L 0.0459449 0.2670472 0.0559449 0.2670472 0 P 0
L 0.0459449 0.2670472 0.0559449 0.2770472 0 P 0
L 0.0459449 0.2870472 0.0559449 0.2770472 0 P 0
L 0.0459449 0.2870472 0.0559449 0.2870472 0 P 0
L 0.0559449 0.2670472 0.0659449 0.2570472 0 P 0
L 0.0559449 0.2870472 0.0659449 0.2970472 0 P 0
L 0.0659449 0.2570472 0.0759449 0.2670472 0 P 0
L 0.0659449 0.2970472 0.0759449 0.2870472 0 P 0
L 0.0759449 0.2670472 0.0859449 0.2670472 0 P 0
L 0.0759449 0.2770472 0.0859449 0.2670472 0 P 0
L 0.0759449 0.2770472 0.0859449 0.2870472 0 P 0
L 0.0759449 0.2870472 0.0859449 0.2870472 0 P 0
L 0.3017613 0.35395 0.3017613 0.39395 0 P 0
L 0.3017613 0.35395 0.3417613 0.35395 0 P 0
L 0.3017613 0.39395 0.3417613 0.39395 0 P 0
L 0.3296001 0.3261112 0.3296001 0.3661112 0 P 0
L 0.3296001 0.3261112 0.3696001 0.3261112 0 P 0
L 0.3296001 0.3661112 0.3696001 0.3661112 0 P 0
L 0.3296001 0.3817888 0.3296001 0.4217888 0 P 0
L 0.3296001 0.3817888 0.3696001 0.3817888 0 P 0
L 0.3296001 0.4217888 0.3696001 0.4217888 0 P 0
L 0.3417613 0.35395 0.3417613 0.39395 0 P 0
L 0.3574389 0.35395 0.3574389 0.39395 0 P 0
L 0.3574389 0.35395 0.3974389 0.35395 0 P 0
L 0.3574389 0.39395 0.3974389 0.39395 0 P 0
L 0.3696001 0.3261112 0.3696001 0.3661112 0 P 0
L 0.3696001 0.3817888 0.3696001 0.4217888 0 P 0
L 0.3974389 0.35395 0.3974389 0.39395 0 P 0
L 0.4069685 0.195 0.4169685 0.195 0 P 0
L 0.4069685 0.195 0.4169685 0.205 0 P 0
L 0.4069685 0.215 0.4169685 0.205 0 P 0
L 0.4069685 0.215 0.4169685 0.215 0 P 0
L 0.4169685 0.195 0.4269685 0.185 0 P 0
L 0.4169685 0.215 0.4269685 0.225 0 P 0
L 0.4269685 0.185 0.4369685 0.195 0 P 0
L 0.4269685 0.225 0.4369685 0.215 0 P 0
L 0.4369685 0.195 0.4469685 0.195 0 P 0
L 0.4369685 0.205 0.4469685 0.195 0 P 0
L 0.4369685 0.205 0.4469685 0.215 0 P 0
L 0.4369685 0.215 0.4469685 0.215 0 P 0
L 0.6672846 0.1485684 0.6872846 0.1085684 0 P 0
L 0.6672846 0.1485684 0.7072846 0.1485684 0 P 0
L 0.6672846 0.3155684 0.6872846 0.2755684 0 P 0
L 0.6672846 0.3155684 0.7072846 0.3155684 0 P 0
L 0.6872846 0.1085684 0.7072846 0.1485684 0 P 0
L 0.6872846 0.2755684 0.7072846 0.3155684 0 P 0
